61235
102897
88200
89936
93907
91409
95235
96294
117805
104325
105091
106332
127364
129114
188574
188601
275966
349492
365034
129557
271739
282913
304138
336244
343993
347767
329648
331617
320719
336246
343997
359295
376659
268981
193381
390855
382010
49166
261585
189703
190897
315470
60003
120273
315761
331944
337825
130539
202015
183875
54486
133640
261551
305965
313106
320718
58434
213020
212486
230582
212490
224893
220684
220690
230584
199188
200436
262721
271768
271770
271766
54993
312561
200544
52215
359285
359374
376660
105311
151102
150417
91288
267566
398412
398424
