22547
20593
21447
30049
30058
23231
23229
91677
22733
22734
30063
119401
126338
128398
131859
180042
182036
39065
86691
60605
57441
57305
54934
55560
53881
60824
60603
169453
90520
57306
72250
60609
111942
171451
166007
74934
59888
73302
68663
59019
252859
138866
62261
76391
46263
54066
73083
162218
68688
74262
372176
59270
39081
233791
55109
56770
304770
55006
63494
390308
60607
54262
53789
64281
57324
54161
186266
72271
97189
51125
39034
72809
67799
77152
54992
57196
100192
60902
58359
41703
71242
251461
151182
151422
74802
60604
49311
60608
53367
59700
172757
54933
74002
81891
60484
72331
60602
59121
63742
53082
54662
55107
204857
72409
30555
59415
73520
246380
246385
285362
41232
49246
41961
141010
69277
60606
55559
284836
53790
67798
103080
169058
169059
371682
371683
371684
54755
95180
54255
392288
167190
163005
77032
73639
46768
145595
140735
74001
316174
73972
73368
69795
73227
74398
