290158
355818
88751
181247
11123
237157
237870
350860
46892
290169
290160
77534
100635
94623
94624
95231
115767
118164
127044
104301
114234
144664
149478
123424
129122
131123
130470
133282
135023
139788
142562
175858
181464
181465
157884
158427
207938
210369
213392
182998
187025
189315
191564
193752
196605
199701
213852
206833
268496
331473
319273
354273
181062
268667
287081
280427
286512
292410
290164
219942
290156
191909
178088
318794
290168
321947
29720
180495
290166
290150
390842
394528
