74150
83524
50119
84042
125076
84758
42026
124471
80047
71730
76814
56837
80716
74004
82068
73910
130214
57368
38951
71729
71442
39820
51542
68920
315719
46221
44409
57367
367412
81274
57656
55266
66818
314266
42355
42354
83922
71663
73504
42605
115973
39656
56877
70784
82369
61888
76078
39365
71834
45682
74932
148631
73934
82555
361433
57689
291153
88349
82045
53686
88760
51390
124469
66847
78157
72308
270947
72332
80135
73178
79864
57573
81293
72249
88617
76752
83338
81372
83906
83555
53552
396048
396050
79677
78664
81275
39821
44331
54162
78997
72580
38950
65933
54163
53589
40277
53125
67873
82900
381461
