18688
112712
112715
112790
18825
18594
19829
19245
3658
3659
14935
114000
113994
18616
113996
38240
40518
40033
19729
24271
25499
26843
36204
44691
41847
44834
98473
101656
101697
93909
92647
120234
121731
111498
115714
143603
147523
149875
122465
127351
128774
131910
133538
135169
136978
137385
139045
141875
176521
178801
155851
156809
158933
161199
163694
166312
168892
171060
214484
181277
253683
288223
371373
378544
354225
173433
121710
122291
122341
128033
168515
118142
344295
154107
166484
356597
396219
230083
387940
122514
175491
391710
136872
103405
179365
140428
140429
386117
70041
